2018	824	2018.09.15	15	1,256,646,550占쏙옙	51	61,600,322占쏙옙	2,106	1,491,746占쏙옙	105,359	50,000占쏙옙	1,745,566	5,000占쏙옙	7	9	24	29	34	38	26
823	2018.09.08	9	2,009,843,917占쏙옙	61	49,422,392占쏙옙	2,348	1,283,972占쏙옙	112,065	50,000占쏙옙	1,795,737	5,000占쏙옙	12	18	24	26	39	40	15
822	2018.09.01	3	5,930,898,625占쏙옙	79	37,537,334占쏙옙	2,153	1,377,357占쏙옙	108,789	50,000占쏙옙	1,735,565	5,000占쏙옙	9	18	20	24	27	36	12
821	2018.08.25	14	1,316,155,956占쏙옙	55	55,836,920占쏙옙	2,100	1,462,396占쏙옙	101,082	50,000占쏙옙	1,687,355	5,000占쏙옙	1	12	13	24	29	44	16
820	2018.08.18	4	4,627,313,532占쏙옙	60	51,414,595占쏙옙	1,987	1,552,530占쏙옙	99,433	50,000占쏙옙	1,644,326	5,000占쏙옙	10	21	22	30	35	42	6
819	2018.08.11	7	2,594,534,840占쏙옙	49	61,774,640占쏙옙	1,981	1,527,995占쏙옙	97,667	50,000占쏙옙	1,638,089	5,000占쏙옙	16	25	33	38	40	45	15
818	2018.08.04	13	1,380,804,318占쏙옙	39	76,711,351占쏙옙	1,845	1,621,541占쏙옙	90,205	50,000占쏙옙	1,490,497	5,000占쏙옙	14	15	25	28	29	30	3
817	2018.07.28	9	1,868,477,334占쏙옙	54	51,902,149占쏙옙	2,068	1,355,279占쏙옙	105,276	50,000占쏙옙	1,718,171	5,000占쏙옙	3	9	12	13	25	43	34
816	2018.07.21	8	2,128,107,938占쏙옙	67	42,350,407占쏙옙	2,064	1,374,747占쏙옙	102,402	50,000占쏙옙	1,675,799	5,000占쏙옙	12	18	19	29	31	39	7
815	2018.07.14	7	2,579,855,358占쏙옙	39	77,175,161占쏙옙	1,703	1,767,371占쏙옙	92,977	50,000占쏙옙	1,596,140	5,000占쏙옙	17	21	25	26	27	36	4
814	2018.07.07	6	3,067,192,063占쏙옙	52	58,984,463占쏙옙	1,833	1,673,319占쏙옙	93,837	50,000占쏙옙	1,585,777	5,000占쏙옙	2	21	28	38	42	45	30
813	2018.06.30	4	4,591,763,157占쏙옙	43	71,190,127占쏙옙	1,800	1,700,654占쏙옙	89,323	50,000占쏙옙	1,548,384	5,000占쏙옙	11	30	34	35	42	44	27
812	2018.06.23	6	2,947,954,750占쏙옙	68	43,352,276占쏙옙	1,976	1,491,880占쏙옙	100,498	50,000占쏙옙	1,693,074	5,000占쏙옙	1	3	12	14	16	43	10
811	2018.06.16	7	2,524,148,197占쏙옙	49	60,098,767占쏙옙	2,151	1,369,057占쏙옙	104,155	50,000占쏙옙	1,703,788	5,000占쏙옙	8	11	19	21	36	45	25
810	2018.06.09	8	2,231,598,047占쏙옙	64	46,491,626占쏙옙	2,053	1,449,325占쏙옙	100,608	50,000占쏙옙	1,672,013	5,000占쏙옙	5	10	13	21	39	43	11
809	2018.06.02	6	2,921,372,750占쏙옙	56	52,167,371占쏙옙	2,179	1,340,695占쏙옙	104,350	50,000占쏙옙	1,703,714	5,000占쏙옙	6	11	15	17	23	40	39
808	2018.05.26	6	3,087,620,500占쏙옙	46	67,122,185占쏙옙	1,962	1,573,711占쏙옙	95,319	50,000占쏙옙	1,597,761	5,000占쏙옙	15	21	31	32	41	43	24
807	2018.05.19	7	2,437,662,322占쏙옙	59	48,202,363占쏙옙	2,319	1,226,365占쏙옙	108,300	50,000占쏙옙	1,749,855	5,000占쏙옙	6	10	18	25	34	35	33
806	2018.05.12	7	2,640,760,875占쏙옙	57	54,050,662占쏙옙	1,850	1,665,345占쏙옙	91,180	50,000占쏙옙	1,561,838	5,000占쏙옙	14	20	23	31	37	38	27
805	2018.05.05	4	4,266,061,969占쏙옙	53	53,661,157占쏙옙	2,075	1,370,623占쏙옙	105,602	50,000占쏙옙	1,700,112	5,000占쏙옙	3	12	13	18	31	32	42
804	2018.04.28	11	1,631,996,523占쏙옙	49	61,061,095占쏙옙	2,048	1,460,935占쏙옙	100,907	50,000占쏙옙	1,659,443	5,000占쏙옙	1	10	13	26	32	36	9
803	2018.04.21	5	3,663,810,225占쏙옙	50	61,063,504占쏙옙	2,094	1,458,059占쏙옙	102,413	50,000占쏙옙	1,657,869	5,000占쏙옙	5	9	14	26	30	43	2
802	2018.04.14	16	1,082,947,993占쏙옙	67	43,102,408占쏙옙	2,207	1,308,501占쏙옙	107,980	50,000占쏙옙	1,814,300	5,000占쏙옙	10	11	12	18	24	42	27
801	2018.04.07	8	2,256,786,657占쏙옙	51	59,000,959占쏙옙	1,999	1,505,278占쏙옙	97,006	50,000占쏙옙	1,618,941	5,000占쏙옙	17	25	28	37	43	44	2
800	2018.03.31	11	1,632,246,205占쏙옙	51	58,675,518占쏙옙	2,179	1,373,315占쏙옙	110,956	50,000占쏙옙	1,801,924	5,000占쏙옙	1	4	10	12	28	45	26
799	2018.03.24	10	1,826,427,225占쏙옙	56	54,357,954占쏙옙	2,242	1,357,737占쏙옙	107,519	50,000占쏙옙	1,725,236	5,000占쏙옙	12	17	23	34	42	45	33
798	2018.03.17	7	2,710,791,911占쏙옙	60	52,709,843占쏙옙	2,124	1,488,979占쏙옙	98,988	50,000占쏙옙	1,653,851	5,000占쏙옙	2	10	14	22	32	36	41
797	2018.03.10	8	2,397,028,125占쏙옙	34	94,001,103占쏙옙	1,868	1,710,941占쏙옙	97,900	50,000占쏙옙	1,641,334	5,000占쏙옙	5	22	31	32	39	45	36
796	2018.03.03	7	2,763,490,340占쏙옙	46	70,088,524占쏙옙	1,921	1,678,331占쏙옙	96,701	50,000占쏙옙	1,643,069	5,000占쏙옙	1	21	26	36	40	41	5
795	2018.02.24	11	1,714,977,000占쏙옙	62	50,711,686占쏙옙	2,423	1,297,617占쏙옙	111,043	50,000占쏙옙	1,825,105	5,000占쏙옙	3	10	13	26	34	38	36
794	2018.02.17	7	2,650,940,304占쏙옙	45	68,728,082占쏙옙	2,607	1,186,331占쏙옙	116,809	50,000占쏙옙	1,877,646	5,000占쏙옙	6	7	18	19	30	38	13
793	2018.02.10	5	3,750,146,775占쏙옙	61	51,231,514占쏙옙	2,043	1,529,674占쏙옙	98,216	50,000占쏙옙	1,635,392	5,000占쏙옙	10	15	21	35	38	43	31
792	2018.02.03	7	2,655,736,768占쏙옙	65	47,667,071占쏙옙	1,958	1,582,411占쏙옙	99,185	50,000占쏙옙	1,684,675	5,000占쏙옙	2	7	19	25	29	36	16
791	2018.01.27	14	1,253,081,893占쏙옙	38	76,943,625占쏙옙	2,410	1,213,219占쏙옙	102,931	50,000占쏙옙	1,713,102	5,000占쏙옙	2	10	12	31	33	42	32
790	2018.01.20	16	1,160,516,274占쏙옙	59	52,452,713占쏙옙	2,417	1,280,394占쏙옙	113,336	50,000占쏙옙	1,812,992	5,000占쏙옙	3	8	19	27	30	41	12
789	2018.01.13	15	1,140,976,825占쏙옙	70	40,749,173占쏙옙	2,437	1,170,473占쏙옙	118,089	50,000占쏙옙	1,868,863	5,000占쏙옙	2	6	7	12	19	45	38
788	2018.01.06	13	1,401,475,154占쏙옙	70	43,378,993占쏙옙	2,257	1,345,384占쏙옙	112,504	50,000占쏙옙	1,828,701	5,000占쏙옙	2	10	11	19	35	39	29
2017	787	2017.12.30	6	3,092,108,313占쏙옙	51	60,629,575占쏙옙	2,339	1,321,979占쏙옙	114,842	50,000占쏙옙	1,863,599	5,000占쏙옙	5	6	13	16	27	28	9
786	2017.12.23	4	4,551,365,250占쏙옙	96	31,606,704占쏙옙	2,064	1,470,080占쏙옙	103,000	50,000占쏙옙	1,708,226	5,000占쏙옙	12	15	16	20	24	30	38
785	2017.12.16	6	2,886,622,688占쏙옙	55	52,484,049占쏙옙	1,972	1,463,805占쏙옙	100,062	50,000占쏙옙	1,678,240	5,000占쏙옙	4	6	15	25	26	33	40
784	2017.12.09	9	1,908,678,000占쏙옙	51	56,137,589占쏙옙	2,257	1,268,506占쏙옙	115,089	50,000占쏙옙	1,699,421	5,000占쏙옙	3	10	23	24	31	39	22
783	2017.12.02	4	4,603,964,625占쏙옙	36	85,258,605占쏙옙	1,869	1,642,221占쏙옙	90,899	50,000占쏙옙	1,532,640	5,000占쏙옙	14	15	16	17	38	45	36
782	2017.11.25	9	1,946,487,625占쏙옙	49	59,586,356占쏙옙	2,047	1,426,347占쏙옙	96,821	50,000占쏙옙	1,585,617	5,000占쏙옙	6	18	31	34	38	45	20
781	2017.11.18	9	1,882,891,542占쏙옙	52	54,314,180占쏙옙	1,967	1,435,861占쏙옙	102,959	50,000占쏙옙	1,699,786	5,000占쏙옙	11	16	18	19	24	39	43
780	2017.11.11	11	1,667,520,137占쏙옙	45	67,936,006占쏙옙	1,681	1,818,632占쏙옙	92,630	50,000占쏙옙	1,605,516	5,000占쏙옙	15	17	19	21	27	45	16
779	2017.11.04	11	1,527,709,296占쏙옙	66	42,436,370占쏙옙	2,503	1,118,978占쏙옙	114,464	50,000占쏙옙	1,751,447	5,000占쏙옙	6	12	19	24	34	41	4
778	2017.10.28	3	6,264,069,500占쏙옙	67	46,746,788占쏙옙	1,731	1,809,379占쏙옙	92,126	50,000占쏙옙	1,575,045	5,000占쏙옙	6	21	35	36	37	41	11
777	2017.10.21	21	833,468,036占쏙옙	66	44,199,063占쏙옙	2,413	1,208,926占쏙옙	111,938	50,000占쏙옙	1,766,635	5,000占쏙옙	6	12	17	21	34	37	18
776	2017.10.14	7	2,557,579,393占쏙옙	50	59,676,853占쏙옙	2,001	1,491,176占쏙옙	102,081	50,000占쏙옙	1,687,650	5,000占쏙옙	8	9	18	21	28	40	20
775	2017.10.07	5	3,470,437,650占쏙옙	37	78,163,011占쏙옙	1,719	1,682,392占쏙옙	91,297	50,000占쏙옙	1,539,325	5,000占쏙옙	11	12	29	33	38	42	17
774	2017.09.30	11	1,709,721,512占쏙옙	60	52,241,491占쏙옙	1,956	1,602,500占쏙옙	101,524	50,000占쏙옙	1,704,279	5,000占쏙옙	12	15	18	28	34	42	9
773	2017.09.23	11	1,609,403,080占쏙옙	58	50,871,937占쏙옙	2,094	1,409,061占쏙옙	104,474	50,000占쏙옙	1,690,404	5,000占쏙옙	8	12	19	21	31	35	44
772	2017.09.16	10	1,769,608,838占쏙옙	53	55,648,077占쏙옙	2,027	1,455,032占쏙옙	103,023	50,000占쏙옙	1,688,350	5,000占쏙옙	5	6	11	14	21	41	32
771	2017.09.09	4	4,362,644,907占쏙옙	49	59,355,714占쏙옙	2,054	1,415,984占쏙옙	102,013	50,000占쏙옙	1,680,976	5,000占쏙옙	6	10	17	18	21	29	30
770	2017.09.02	8	2,163,099,329占쏙옙	75	38,455,100占쏙옙	2,302	1,252,882占쏙옙	108,450	50,000占쏙옙	1,717,526	5,000占쏙옙	1	9	12	23	39	43	34
769	2017.08.26	9	1,930,760,042占쏙옙	55	52,657,093占쏙옙	1,962	1,476,117占쏙옙	99,272	50,000占쏙옙	1,660,799	5,000占쏙옙	5	7	11	16	41	45	4
768	2017.08.19	13	1,363,572,260占쏙옙	53	55,743,521占쏙옙	1,849	1,597,841占쏙옙	93,126	50,000占쏙옙	1,572,387	5,000占쏙옙	7	27	29	30	38	44	4
767	2017.08.12	15	1,163,768,725占쏙옙	46	63,248,301占쏙옙	1,905	1,527,256占쏙옙	92,437	50,000占쏙옙	1,549,115	5,000占쏙옙	5	15	20	31	34	42	22
766	2017.08.05	8	2,173,637,297占쏙옙	41	70,687,392占쏙옙	1,734	1,671,386占쏙옙	85,422	50,000占쏙옙	1,458,764	5,000占쏙옙	9	30	34	35	39	41	21
765	2017.07.29	15	1,109,214,250占쏙옙	54	51,352,512占쏙옙	2,121	1,307,419占쏙옙	101,653	50,000占쏙옙	1,643,849	5,000占쏙옙	1	3	8	12	42	43	33
764	2017.07.22	7	2,459,975,465占쏙옙	44	65,226,623占쏙옙	1,908	1,504,178占쏙옙	90,896	50,000占쏙옙	1,530,979	5,000占쏙옙	7	22	24	31	34	36	15
763	2017.07.15	8	2,138,130,000占쏙옙	45	63,352,000占쏙옙	2,019	1,412,006占쏙옙	94,176	50,000占쏙옙	1,562,106	5,000占쏙옙	3	8	16	32	34	43	10
762	2017.07.08	10	1,631,432,063占쏙옙	53	51,302,896占쏙옙	2,044	1,330,261占쏙옙	103,406	50,000占쏙옙	1,671,344	5,000占쏙옙	1	3	12	21	26	41	16
761	2017.07.01	7	2,392,730,518占쏙옙	52	53,683,057占쏙옙	2,139	1,305,058占쏙옙	101,503	50,000占쏙옙	1,660,130	5,000占쏙옙	4	7	11	24	42	45	30
760	2017.06.24	8	2,253,299,391占쏙옙	45	66,764,427占쏙옙	1,749	1,717,782占쏙옙	89,221	50,000占쏙옙	1,520,831	5,000占쏙옙	10	22	27	31	42	43	12
759	2017.06.17	6	3,032,670,500占쏙옙	44	68,924,330占쏙옙	1,761	1,722,130占쏙옙	88,543	50,000占쏙옙	1,525,518	5,000占쏙옙	9	33	36	40	42	43	32
758	2017.06.10	8	2,078,969,954占쏙옙	63	43,999,365占쏙옙	2,170	1,277,401占쏙옙	106,121	50,000占쏙옙	1,680,080	5,000占쏙옙	5	9	12	30	39	43	24
757	2017.06.03	21	739,839,858占쏙옙	68	38,079,993占쏙옙	2,657	974,573占쏙옙	117,353	50,000占쏙옙	1,788,667	5,000占쏙옙	6	7	11	17	33	44	1
756	2017.05.27	5	3,414,434,700占쏙옙	53	53,686,081占쏙옙	1,866	1,524,846占쏙옙	94,800	50,000占쏙옙	1,598,715	5,000占쏙옙	10	14	16	18	27	28	4
755	2017.05.20	8	2,214,427,266占쏙옙	54	54,677,217占쏙옙	1,845	1,600,309占쏙옙	89,745	50,000占쏙옙	1,508,502	5,000占쏙옙	13	14	26	28	30	36	37
754	2017.05.13	5	3,427,542,000占쏙옙	50	57,125,700占쏙옙	1,856	1,538,947占쏙옙	93,279	50,000占쏙옙	1,573,739	5,000占쏙옙	2	8	17	24	29	31	32
753	2017.05.06	6	2,711,105,063占쏙옙	58	46,743,191占쏙옙	1,934	1,401,813占쏙옙	97,566	50,000占쏙옙	1,578,072	5,000占쏙옙	2	17	19	24	37	41	3
752	2017.04.29	9	1,870,358,834占쏙옙	75	37,407,177占쏙옙	2,036	1,377,966占쏙옙	102,477	50,000占쏙옙	1,646,451	5,000占쏙옙	4	16	20	33	40	43	7
751	2017.04.22	8	2,097,968,110占쏙옙	69	40,540,447占쏙옙	2,210	1,265,743占쏙옙	102,632	50,000占쏙옙	1,651,438	5,000占쏙옙	3	4	16	20	28	44	17
750	2017.04.15	7	2,522,104,286占쏙옙	44	66,873,978占쏙옙	1,779	1,653,994占쏙옙	93,135	50,000占쏙옙	1,585,532	5,000占쏙옙	1	2	15	19	24	36	12
749	2017.04.08	13	1,350,104,395占쏙옙	64	45,706,660占쏙옙	1,985	1,473,666占쏙옙	95,573	50,000占쏙옙	1,589,197	5,000占쏙옙	12	14	24	26	34	45	41
748	2017.04.01	9	1,928,246,542占쏙옙	59	49,023,218占쏙옙	1,937	1,493,222占쏙옙	99,448	50,000占쏙옙	1,652,756	5,000占쏙옙	3	10	13	22	31	32	29
747	2017.03.25	9	1,903,214,584占쏙옙	59	48,386,812占쏙옙	2,217	1,287,696占쏙옙	105,307	50,000占쏙옙	1,713,003	5,000占쏙옙	7	9	12	14	23	28	17
746	2017.03.18	9	2,038,623,709占쏙옙	58	52,723,027占쏙옙	1,904	1,606,059占쏙옙	94,197	50,000占쏙옙	1,589,291	5,000占쏙옙	3	12	33	36	42	45	25
745	2017.03.11	20	746,822,982占쏙옙	110	22,631,000占쏙옙	3,692	674,272占쏙옙	141,918	50,000占쏙옙	1,955,276	5,000占쏙옙	1	2	3	9	12	23	10
744	2017.03.04	15	1,155,411,575占쏙옙	61	47,352,934占쏙옙	2,779	1,039,414占쏙옙	109,229	50,000占쏙옙	1,636,793	5,000占쏙옙	10	15	18	21	34	41	43
743	2017.02.25	7	2,608,641,000占쏙옙	46	66,161,185占쏙옙	1,982	1,535,527占쏙옙	91,886	50,000占쏙옙	1,555,362	5,000占쏙옙	15	19	21	34	41	44	10
742	2017.02.18	16	1,111,814,813占쏙옙	44	67,382,716占쏙옙	1,986	1,492,870占쏙옙	98,348	50,000占쏙옙	1,658,556	5,000占쏙옙	8	10	13	36	37	40	6
741	2017.02.11	6	3,043,595,938占쏙옙	55	55,338,108占쏙옙	1,829	1,664,077占쏙옙	95,007	50,000占쏙옙	1,619,435	5,000占쏙옙	5	21	27	34	44	45	16
740	2017.02.04	18	936,929,792占쏙옙	43	65,367,195占쏙옙	2,447	1,148,668占쏙옙	115,722	50,000占쏙옙	1,864,169	5,000占쏙옙	4	8	9	16	17	19	31
739	2017.01.28	4	4,744,122,282占쏙옙	45	70,283,294占쏙옙	1,942	1,628,604占쏙옙	101,983	50,000占쏙옙	1,719,739	5,000占쏙옙	7	22	29	33	34	35	30
738	2017.01.21	11	1,634,191,091占쏙옙	48	62,417,021占쏙옙	1,640	1,826,840占쏙옙	88,050	50,000占쏙옙	1,502,685	5,000占쏙옙	23	27	28	38	42	43	36
737	2017.01.14	4	4,283,061,000占쏙옙	48	59,486,959占쏙옙	1,937	1,474,122占쏙옙	94,183	50,000占쏙옙	1,567,166	5,000占쏙옙	13	15	18	24	27	41	11
736	2017.01.07	5	3,397,362,225占쏙옙	54	52,428,430占쏙옙	2,250	1,258,283占쏙옙	107,357	50,000占쏙옙	1,747,634	5,000占쏙옙	2	11	17	18	21	27	6
2016	735	2016.12.31	10	1,847,231,588占쏙옙	50	61,574,387占쏙옙	2,269	1,356,862占쏙옙	107,013	50,000占쏙옙	1,752,740	5,000占쏙옙	5	10	13	27	37	41	4
734	2016.12.24	9	1,949,395,500占쏙옙	36	81,224,813占쏙옙	1,758	1,663,307占쏙옙	92,514	50,000占쏙옙	1,542,069	5,000占쏙옙	6	16	37	38	41	45	18
733	2016.12.17	4	4,016,725,125占쏙옙	57	46,979,242占쏙옙	1,966	1,362,064占쏙옙	101,369	50,000占쏙옙	1,633,952	5,000占쏙옙	11	24	32	33	35	40	13
732	2016.12.10	7	2,203,270,608占쏙옙	45	57,121,831占쏙옙	2,061	1,247,202占쏙옙	104,583	50,000占쏙옙	1,705,993	5,000占쏙옙	2	4	5	17	27	32	43
731	2016.12.03	7	2,340,471,054占쏙옙	45	60,678,880占쏙옙	1,908	1,431,106占쏙옙	96,083	50,000占쏙옙	1,594,258	5,000占쏙옙	2	7	13	25	42	45	39
730	2016.11.26	8	2,017,382,110占쏙옙	45	59,774,285占쏙옙	1,741	1,544,999占쏙옙	88,791	50,000占쏙옙	1,501,752	5,000占쏙옙	4	10	14	15	18	22	39
729	2016.11.19	4	4,198,250,719占쏙옙	35	79,966,681占쏙옙	1,875	1,492,712占쏙옙	89,560	50,000占쏙옙	1,504,682	5,000占쏙옙	11	17	21	26	36	45	16
728	2016.11.12	5	3,243,464,400占쏙옙	56	48,265,840占쏙옙	1,869	1,446,168占쏙옙	94,693	50,000占쏙옙	1,559,062	5,000占쏙옙	3	6	10	30	34	37	36
727	2016.11.05	14	1,115,107,742占쏙옙	87	29,907,105占쏙옙	2,064	1,260,620占쏙옙	99,271	50,000占쏙옙	1,600,135	5,000占쏙옙	7	8	10	19	21	31	20
726	2016.10.29	14	1,166,872,634占쏙옙	56	48,619,694占쏙옙	2,099	1,297,143占쏙옙	96,718	50,000占쏙옙	1,556,425	5,000占쏙옙	1	11	21	23	34	44	24
725	2016.10.22	11	1,579,217,250占쏙옙	47	61,600,673占쏙옙	1,795	1,612,943占쏙옙	88,359	50,000占쏙옙	1,504,907	5,000占쏙옙	6	7	19	21	41	43	38
724	2016.10.15	12	1,427,789,813占쏙옙	55	51,919,630占쏙옙	1,833	1,557,873占쏙옙	90,083	50,000占쏙옙	1,528,970	5,000占쏙옙	2	8	33	35	37	41	14
723	2016.10.08	8	2,114,365,360占쏙옙	40	70,478,846占쏙옙	1,777	1,586,469占쏙옙	85,141	50,000占쏙옙	1,412,967	5,000占쏙옙	20	30	33	35	36	44	22
722	2016.10.01	4	4,365,422,719占쏙옙	46	63,266,996占쏙옙	1,688	1,724,101占쏙옙	84,912	50,000占쏙옙	1,439,078	5,000占쏙옙	12	14	21	30	39	43	45
721	2016.09.24	8	2,273,767,360占쏙옙	40	75,792,246占쏙옙	1,607	1,886,553占쏙옙	84,770	50,000占쏙옙	1,464,353	5,000占쏙옙	1	28	35	41	43	44	31
720	2016.09.17	14	1,233,770,358占쏙옙	37	77,805,338占쏙옙	1,778	1,619,122占쏙옙	88,260	50,000占쏙옙	1,505,233	5,000占쏙옙	1	12	29	34	36	37	41
719	2016.09.10	9	1,879,581,334占쏙옙	58	48,609,863占쏙옙	2,020	1,395,729占쏙옙	99,906	50,000占쏙옙	1,627,784	5,000占쏙옙	4	8	13	19	20	43	26
718	2016.09.03	17	926,166,464占쏙옙	64	41,002,162占쏙옙	2,404	1,091,572占쏙옙	114,614	50,000占쏙옙	1,595,315	5,000占쏙옙	4	11	20	23	32	39	40
717	2016.08.27	6	2,702,433,688占쏙옙	47	57,498,590占쏙옙	1,974	1,369,015占쏙옙	96,836	50,000占쏙옙	1,567,530	5,000占쏙옙	2	11	19	25	28	32	44
716	2016.08.20	12	1,358,752,157占쏙옙	35	77,642,981占쏙옙	1,743	1,559,096占쏙옙	88,628	50,000占쏙옙	1,469,730	5,000占쏙옙	2	6	13	16	29	30	21
715	2016.08.13	6	2,605,510,438占쏙옙	61	42,713,286占쏙옙	1,873	1,391,090占쏙옙	90,747	50,000占쏙옙	1,503,174	5,000占쏙옙	2	7	27	33	41	44	10
714	2016.08.06	7	2,085,131,733占쏙옙	46	52,883,776占쏙옙	2,029	1,198,943占쏙옙	96,576	50,000占쏙옙	1,551,993	5,000占쏙옙	1	7	22	33	37	40	20
713	2016.07.30	9	1,714,720,917占쏙옙	50	51,441,628占쏙옙	1,791	1,436,115占쏙옙	87,920	50,000占쏙옙	1,470,125	5,000占쏙옙	2	5	15	18	19	23	44
712	2016.07.23	4	4,034,485,125占쏙옙	47	57,226,740占쏙옙	1,727	1,557,416占쏙옙	86,066	50,000占쏙옙	1,449,521	5,000占쏙옙	17	20	30	31	33	45	19
711	2016.07.16	7	2,277,413,358占쏙옙	44	60,385,961占쏙옙	1,865	1,424,656占쏙옙	89,898	50,000占쏙옙	1,465,123	5,000占쏙옙	11	15	24	35	37	45	42
710	2016.07.09	5	2,895,441,150占쏙옙	57	42,331,011占쏙옙	1,990	1,212,497占쏙옙	102,058	50,000占쏙옙	1,627,229	5,000占쏙옙	3	4	9	24	25	33	10
709	2016.07.02	14	1,165,271,625占쏙옙	44	61,794,708占쏙옙	1,696	1,603,165占쏙옙	82,305	50,000占쏙옙	1,385,853	5,000占쏙옙	10	18	30	36	39	44	32
708	2016.06.25	4	4,099,552,219占쏙옙	52	52,558,362占쏙옙	1,712	1,596,399占쏙옙	86,091	50,000占쏙옙	1,446,865	5,000占쏙옙	2	10	16	19	34	45	1
707	2016.06.18	12	1,322,167,313占쏙옙	74	35,734,252占쏙옙	2,006	1,318,213占쏙옙	94,281	50,000占쏙옙	1,507,647	5,000占쏙옙	2	12	19	24	39	44	35
706	2016.06.11	4	3,831,746,063占쏙옙	51	50,088,184占쏙옙	2,108	1,211,811占쏙옙	95,376	50,000占쏙옙	1,531,393	5,000占쏙옙	3	4	6	10	28	30	37
705	2016.06.04	4	3,987,206,532占쏙옙	49	54,247,708占쏙옙	1,805	1,472,653占쏙옙	87,931	50,000占쏙옙	1,453,654	5,000占쏙옙	1	6	17	22	28	45	23
704	2016.05.28	4	3,865,190,344占쏙옙	47	54,825,395占쏙옙	1,906	1,351,938占쏙옙	95,021	50,000占쏙옙	1,519,932	5,000占쏙옙	1	4	8	23	33	42	45
703	2016.05.21	5	3,235,784,100占쏙옙	51	52,872,290占쏙옙	1,719	1,568,637占쏙옙	84,194	50,000占쏙옙	1,416,580	5,000占쏙옙	10	28	31	33	41	44	21
702	2016.05.14	11	1,465,091,387占쏙옙	46	58,391,324占쏙옙	1,819	1,476,636占쏙옙	88,043	50,000占쏙옙	1,443,954	5,000占쏙옙	3	13	16	24	26	29	9
701	2016.05.07	10	1,583,183,175占쏙옙	40	65,965,966占쏙옙	1,659	1,590,500占쏙옙	81,917	50,000占쏙옙	1,404,422	5,000占쏙옙	3	10	14	16	36	38	35
700	2016.04.30	8	2,082,099,188占쏙옙	41	67,710,543占쏙옙	1,562	1,777,294占쏙옙	82,874	50,000占쏙옙	1,414,076	5,000占쏙옙	11	23	28	29	30	44	13
699	2016.04.23	8	1,995,411,375占쏙옙	50	53,210,970占쏙옙	1,799	1,478,905占쏙옙	90,504	50,000占쏙옙	1,512,397	5,000占쏙옙	4	5	8	16	21	29	3
698	2016.04.16	8	1,921,084,125占쏙옙	48	53,363,448占쏙옙	2,088	1,226,746占쏙옙	97,965	50,000占쏙옙	1,550,364	5,000占쏙옙	3	11	13	21	33	37	18
697	2016.04.09	10	1,531,443,038占쏙옙	90	28,360,057占쏙옙	1,940	1,315,673占쏙옙	99,698	50,000占쏙옙	1,615,786	5,000占쏙옙	2	5	8	11	33	39	31
696	2016.04.02	10	1,632,054,413占쏙옙	44	61,820,243占쏙옙	1,721	1,580,530占쏙옙	90,020	50,000占쏙옙	1,501,952	5,000占쏙옙	1	7	16	18	34	38	21
695	2016.03.26	11	1,450,214,830占쏙옙	66	40,283,746占쏙옙	1,979	1,343,471占쏙옙	95,436	50,000占쏙옙	1,558,885	5,000占쏙옙	4	18	26	33	34	38	14
694	2016.03.19	10	1,555,036,388占쏙옙	78	33,227,274占쏙옙	2,286	1,133,739占쏙옙	102,474	50,000占쏙옙	1,581,822	5,000占쏙옙	7	15	20	25	33	43	12
693	2016.03.12	10	1,642,763,813占쏙옙	43	63,673,016占쏙옙	1,692	1,618,168占쏙옙	87,017	50,000占쏙옙	1,484,420	5,000占쏙옙	1	6	11	28	34	42	30
692	2016.03.05	7	2,301,273,697占쏙옙	44	61,018,621占쏙옙	1,770	1,516,848占쏙옙	87,763	50,000占쏙옙	1,465,709	5,000占쏙옙	3	11	14	15	32	36	44
691	2016.02.27	6	2,839,296,750占쏙옙	31	91,590,218占쏙옙	1,708	1,662,352占쏙옙	86,063	50,000占쏙옙	1,455,528	5,000占쏙옙	15	27	33	35	43	45	16
690	2016.02.20	15	1,126,507,625占쏙옙	34	82,831,444占쏙옙	1,772	1,589,317占쏙옙	87,970	50,000占쏙옙	1,528,472	5,000占쏙옙	24	25	33	34	38	39	43
689	2016.02.13	7	2,321,775,911占쏙옙	44	61,562,241占쏙옙	1,809	1,497,368占쏙옙	90,296	50,000占쏙옙	1,509,073	5,000占쏙옙	7	17	19	30	36	38	34
688	2016.02.06	9	1,967,536,750占쏙옙	53	55,685,003占쏙옙	2,107	1,400,715占쏙옙	97,676	50,000占쏙옙	1,610,713	5,000占쏙옙	5	15	22	23	34	35	2
687	2016.01.30	6	2,720,029,313占쏙옙	38	71,579,719占쏙옙	1,780	1,528,107占쏙옙	91,404	50,000占쏙옙	1,538,380	5,000占쏙옙	1	8	10	13	28	42	45
686	2016.01.23	8	1,937,531,719占쏙옙	36	71,760,435占쏙옙	1,863	1,386,676占쏙옙	91,027	50,000占쏙옙	1,483,730	5,000占쏙옙	7	12	15	24	25	43	13
685	2016.01.16	11	1,494,367,671占쏙옙	52	52,686,040占쏙옙	1,910	1,434,385占쏙옙	95,302	50,000占쏙옙	1,576,169	5,000占쏙옙	6	7	12	28	38	40	18
684	2016.01.09	9	1,688,815,709占쏙옙	62	40,858,445占쏙옙	1,968	1,287,208占쏙옙	98,607	50,000占쏙옙	1,623,161	5,000占쏙옙	1	11	15	17	25	39	40
683	2016.01.02	16	1,010,930,883占쏙옙	45	59,907,016占쏙옙	2,704	996,974占쏙옙	117,974	50,000占쏙옙	1,700,964	5,000占쏙옙	6	13	20	27	28	40	15